103980
70426
93416
45300
120641
87483
92416
68716
106104
14977
100888
123326
56779
39594
14126
2099
57424
56241
68852
44915
123309
35232
20227
37763
115531
27560
119750
56271
84739
118392
65824
73238
64526
55792
40749
58465
105777
73286
88515
110348
117825
3364
73319
32586
97510
56364
92140
101595
92906
114209
7188
60711
86989
44010
11479
16144
101042
5045
100563
71959
91022
14267
59492
3640
118352
94114
69658
113995
10321
95192
65364
28173
27465
71163
15187
106123
31535
50887
3573
74359
49735
46207
109329
24366
32671
123143
58935
73322
12890
47114
29880
102765
35247
10652
92698
103441
14966
64118
120735
10897
